2 0.128778
8 0.109631
9 0.0767871
3 0.136011
373 3.80746e-07
375 5.67065e-07
377 2.65094e-08
379 2.41468e-08
381 1.09442e-06
383 1.92609e-08
385 2.5257e-08
387 3.60691e-06
389 2.26474e-07
391 2.00232e-08
393 1.238e-08
395 2.48188e-08
397 1.32151e-06
399 1.65939e-08
401 1.59702e-07
403 2.60572e-08
405 4.04304e-07
407 1.71235e-08
409 1.21953e-05
411 1.97049e-08
413 4.25664e-07
415 6.25025e-08
417 2.02703e-08
419 7.74816e-08
421 5.93626e-07
423 4.3825e-07
425 1.89609e-08
427 1.80289e-08
429 3.71776e-06
431 2.617e-08
433 1.49802e-05
435 7.82557e-07
437 1.33238e-08
439 1.58757e-08
441 2.97753e-08
443 6.7254e-07
445 3.49152e-06
447 5.57278e-08
449 1.03756e-08
451 1.83087e-08
453 6.32413e-07
455 2.06085e-08
457 6.29015e-06
459 3.53352e-08
461 1.70113e-08
463 2.66995e-08
465 1.91698e-07
467 1.84732e-07
469 1.97625e-08
471 6.15517e-08
473 2.25907e-07
475 4.42294e-07
477 1.99251e-08
479 3.12204e-06
481 2.77748e-07
483 1.54713e-08
485 1.4042e-08
487 0.000331956
489 1.77205e-08
491 1.05161e-07
493 6.84577e-08
495 2.87241e-08
497 2.15556e-08
499 5.47559e-08
501 0.00687845
503 1.9553e-08
505 1.4816e-07
507 4.81534e-08
509 2.68379e-08
511 2.61636e-08
513 3.40678e-08
515 0.0157341
517 2.42723e-08
519 3.24575e-08
521 8.37621e-06
522 0.0328724
523 0.00364432
19 0.0433573
21 1.66802e-08
23 0.0542421
25 1.18185e-08
27 8.96536e-08
29 9.39188e-07
31 6.30151e-08
33 1.79459e-08
35 1.98201e-07
37 3.45389e-08
39 1.39212e-07
41 3.30452e-08
43 7.80975e-08
45 2.18555e-08
47 3.64373e-06
49 8.8438e-08
51 1.6734e-08
53 3.96389e-07
55 2.37525e-08
57 6.63199e-08
59 3.06407e-08
61 0.00653995
63 2.26815e-08
65 6.22298e-08
67 3.70712e-08
69 2.77792e-08
71 8.10591e-06
73 2.27349e-08
75 8.1375e-08
77 7.4693e-08
79 6.82564e-08
81 3.35687e-08
83 7.31701e-07
85 1.55986e-07
87 1.55198e-08
89 4.96528e-06
91 1.88704e-08
93 4.38641e-08
95 2.66825e-07
97 2.71237e-07
99 1.95944e-08
101 6.37031e-08
103 3.34198e-08
105 1.37645e-05
107 1.0218e-07
109 1.55571e-08
111 3.405e-08
113 3.7989e-08
115 2.88068e-08
117 2.23034e-06
119 5.62187e-07
121 1.90894e-08
123 6.23594e-07
125 2.01143e-08
127 1.85742e-08
129 3.59492e-08
131 4.11131e-07
133 1.83721e-08
135 1.90196e-07
137 2.73963e-08
139 2.44099e-08
141 2.12117e-07
143 1.82177e-08
145 3.83633e-08
147 5.88614e-08
149 1.1757e-08
151 0.00192941
153 4.79433e-08
155 1.54299e-08
157 1.3222e-08
159 7.03358e-08
161 3.68086e-08
163 9.81006e-08
165 6.3277e-08
167 3.81363e-08
169 5.45444e-07
171 1.13218e-07
173 4.65946e-06
175 1.70149e-08
177 4.01032e-08
179 2.71113e-08
181 8.86759e-08
183 1.04964e-07
185 1.71745e-08
187 1.61103e-08
189 6.18555e-05
191 1.63855e-08
193 2.0497e-08
195 2.33449e-07
197 5.15024e-08
199 1.88742e-08
201 8.1329e-07
203 3.20798e-08
205 1.72852e-08
207 3.65348e-08
209 2.54266e-07
211 9.32203e-07
213 7.87482e-08
215 1.5441e-08
217 2.13653e-08
219 6.44696e-08
221 3.09158e-07
223 6.38961e-08
225 2.73877e-08
227 3.80337e-07
229 3.30109e-08
231 5.09244e-08
233 8.72597e-07
235 3.31125e-08
237 2.12216e-05
239 1.66274e-08
241 3.9495e-08
243 5.42582e-08
245 4.48827e-08
247 1.51444e-07
249 8.25949e-07
251 1.51461e-08
253 1.94136e-08
255 9.46463e-08
257 6.39461e-08
259 1.50409e-08
261 1.25205e-08
263 0.00233367
265 2.57174e-08
267 1.28762e-08
269 2.00109e-08
271 1.814e-06
273 1.51455e-08
275 1.86832e-08
277 2.10565e-07
279 3.98367e-08
281 1.65971e-08
283 5.85043e-08
285 3.91564e-07
287 5.73193e-08
289 1.06955e-07
291 3.62137e-08
293 5.97321e-07
295 1.61301e-06
297 5.80807e-07
299 2.32367e-08
301 3.55096e-08
303 1.2316e-07
305 3.97364e-08
307 0.00598577
309 1.5492e-08
311 1.34111e-07
313 2.02941e-08
315 6.23869e-07
317 1.96523e-08
319 3.49676e-08
321 2.29477e-08
323 6.53654e-08
325 5.23271e-08
327 1.51511e-05
329 2.6125e-07
331 2.24605e-08
333 8.94893e-08
335 2.56619e-08
337 8.05066e-08
339 1.69559e-06
341 2.72716e-08
343 8.84292e-08
345 1.33621e-06
347 3.60592e-07
349 1.42784e-08
351 9.15829e-08
353 5.05961e-08
355 2.46042e-08
357 1.60352e-07
359 3.72876e-08
361 0.000108836
363 2.58716e-08
365 2.28865e-08
367 2.42421e-08
369 1.36501e-07
371 1.94014e-08
6 0.0944351
11 0.0117136
13 0.0652134
15 4.55183e-08
16 0.0213432
17 2.31405e-08
7 0.109159
5 0.0727435
